apigenin
mode |   affinity | dist from best mode
     | (kcal/mol) | rmsd l.b.| rmsd u.b.
-----+------------+----------+----------
   1       -6.506          0          0
   2       -6.275      2.124      5.122
   3       -6.274      2.141      5.091
   4       -6.267      2.121      4.946
   5       -6.265      1.141      2.086
   6       -6.263      2.139      4.828
   7       -6.253      2.138      5.055

curcumin
mode |   affinity | dist from best mode
     | (kcal/mol) | rmsd l.b.| rmsd u.b.
-----+------------+----------+----------
   1       -7.114          0          0
   2        -7.09      1.453      2.959
   3       -6.862      2.916      7.447
   4       -6.667      2.125      5.541
   5       -6.577      2.373      3.168
   6       -6.571      2.063      6.084
   7       -6.516      2.311      5.727
   8       -6.408      2.696      6.281
   9       -6.316      2.611      4.027

ecdysteron
mode |   affinity | dist from best mode
     | (kcal/mol) | rmsd l.b.| rmsd u.b.
-----+------------+----------+----------
   1       -10.21          0          0
   2       -10.16      1.588      2.555
   3        -9.77     0.9014      2.506
   4       -9.736       1.71      2.584
   5       -9.709      1.147      2.084
   6       -9.462     0.9051      2.222
   7       -9.174      1.432      2.236
   8       -8.362      1.709      2.613
   9        -7.93      1.713      3.096

epigallocatechin
mode |   affinity | dist from best mode
     | (kcal/mol) | rmsd l.b.| rmsd u.b.
-----+------------+----------+----------
   1        -8.21          0          0
   2       -8.106     0.9349      3.092
   3       -8.099      2.121      4.754
   4       -8.062     0.8065      1.814
   5       -8.008      1.111      3.093
   6       -7.906      1.217      3.985
   7       -7.879     0.8672      3.143
   8       -7.622     0.8343      1.973
   9       -7.471      1.113      3.165

quercetin
mode |   affinity | dist from best mode
     | (kcal/mol) | rmsd l.b.| rmsd u.b.
-----+------------+----------+----------
   1       -7.339          0          0
   2       -7.302      1.906      5.129
   3       -7.286     0.5131      1.517
   4       -7.278      2.523      8.862
   5       -7.112       1.32       3.21
   6       -7.067      1.923      8.951
   7       -6.957      1.168      3.007
   8       -6.858      2.088      5.833
   9       -6.669       2.02      5.273

rutin
